2,37
2,37
2,36
2,36
2,35
2,35
2,35
2,39
2,39
2,38
2,40
2,41
14074
14074
14074
14074
14074
14069
14069
14069
14069
14069
2,43
14079
14079
14079
14079
14079
14068
14068
14068
14068
14068
14070
14070
14070
14070
14070
14073
14073
14073
14073
14073
2,42
2,44
2,44
14065
14065
14065
14065
14065
2,54
14066
14066
14066
14066
14066
2,57
2,57
2,57
2,57
2,57
2,57
2,57
2,56
2,56
2,56
2,56
2,56
2,56
14067
14067
14067
14067
14067
2,55
2,55
14078
14078
14078
14078
14078
14076
14063
14063
14063
14063
14063
14053
14053
14053
14053
14053
14062
14062
14062
14062
14062
14071
14071
14071
14071
14071
14052
14052
14052
14052
14052
14052
14052
14061
14061
14061
14061
14061
14061
14051
14051
14051
14051
14051
14051
14051
14054
14054
14054
14054
14054
14060
14060
14060
14060
14060
14060
2,61
2,61
14077
14077
14077
14077
14077
2,62
2,62
2,62
2,62
2,62
2,62
14081
14081
14081
14081
14081
14080
14080
14080
14080
14080
14083
14083
14083
14083
14083
14083
14083
2,65
2,65
14064
14064
14064
14064
14064
14075
14075
14075
14075
14075
14075
14082
14082
14082
14082
14082
14082
14084
14084
14084
14084
14084
14072
14072
14072
14072
14072
14089
14089
14089
14089
14089
14089
14089
2,64
2,64
2,64
2,64
14088
14088
14088
14088
14088
14088
14088
2,69
2,69
2,69
2,69
2,69
14087
14087
14087
14087
14087
2,68
2,68
2,68
2,68
2,68
2,71
2,71
2,71
2,71
2,71
2,71
14092
14092
14092
14092
14092
14092
14092
14094
14094
14094
14094
14094
14094
14094
2,72
2,72
2,72
2,72
14093
14093
14093
14093
14093
14093
14093
2,70
2,70
2,70
2,70
2,70
2,70
2,70
14086
14086
14086
14086
14086
14085
14085
14085
14085
14085
14085
14085
14090
14090
14090
14090
14090
14090
14090
14091
14091
14091
14091
14091
14091
14091
2,67
2,67
2,67
2,67
2,67
2,67
2,66
2,66
2,66
2,66
2,66
2,66
2,66
14056
14056
14056
14056
14056
14056
14056
2,73
2,73
2,73
2,73
2,73
2,73
14141
14141
14141
14141
14141
14141
14141
14100
14100
14100
14100
14100
14100
14100
14000
14000
14000
14000
14000
14000
14000
13912
13912
13912
13912
13912
13912
13912
13798
13798
13798
13798
13798
13798
13798
13638
13638
13638
13638
13638
13638
13638
13375
13375
13375
13375
13375
13375
13375
13056
13056
13056
13056
13056
13056
13056
12614
12614
12614
12614
12614
12614
12614
11963
11963
11963
11963
11963
11963
11963
11070
11070
11070
11070
11070
11070
11070
2,60
2,60
2,60
2,60
2,60
2,60
7840
7840
7840
7840
7840
7840
7840
2,58
2,58
5067
5067
5067
5067
5067
5067
5067
1124
1124
1124
1124
1124
1124
1124
2,52
2,52
2,52
2,52
2,52
2,52
2,52
2,51
2,51
2,51
2,51
2,51
2,51
2,50
2,50
2,50
2,50
2,50
2,50
2,48
2,48
2,48
2,48
2,48
2,48
2,48
2,47
2,47
2,47
2,47
2,47
2,47
2,46
2,45
2,33
2,33
2,33
2,33
2,33
2,33
2,33
2,32
2,32
2,32
2,32
2,32
2,32
2,32
2,31
2,31
2,31
2,31
2,31
2,31
2,29
2,29
2,29
2,29
2,29
2,29
2,29
2,28
2,28
2,28
2,28
2,28
2,28
2,28
2,27
2,27
2,27
2,27
2,27
2,27
2,26
2,26
2,26
2,26
2,26
2,26
2,26
2,24
2,24
2,24
2,24
2,24
2,24
2,30
2,30
2,30
2,30
2,30
2,30
2,25
2,25
2,25
2,25
2,25
2,25
2,23
2,23
2,23
2,23
2,23
2,23
2,23
2,22
2,22
2,22
2,22
2,22
2,22
2,21
2,21
2,21
2,21
2,21
2,21
2,20
2,20
2,20
2,20
2,20
2,20
2,20
2,19
2,19
2,19
2,19
2,19
2,17
2,17
2,17
2,17
2,17
2,17
2,17
2,16
2,16
2,16
2,16
2,16
2,15
2,15
2,15
2,15
2,15
2,15
2,15
2,14
2,14
2,14
2,14
2,14
2,14
2,13
2,13
2,13
2,13
2,13
2,13
2,13
2,11
2,11
2,11
2,11
2,11
2,11
2,11
2,10
2,10
2,10
2,10
2,10
2,10
2,10
2,07
2,07
2,07
2,07
2,07
2,07
2,07
2,06
2,06
2,06
2,06
2,06
2,06
1,99
1,99
1,99
1,99
1,99
1,99
1,98
1,98
1,98
1,98
1,98
1,98
1,97
1,97
1,97
1,97
1,97
1,97
1,97
1,96
1,96
1,96
1,96
1,96
1,96
1,95
1,95
1,95
1,95
1,95
1,95
1,95
1,94
1,94
1,94
1,94
1,94
1,94
1,94
5495
5495
5495
5495
5495
5495
5495
1,93
1,93
1,93
1,93
5468
5468
5468
5468
5468
5468
5468
1,92
1,92
1,92
1,92
1,92
5466
5466
5466
5466
5466
5466
5466
1,91
1,91
1,91
1,91
1,91
1,91
5455
5455
5455
5455
5455
5455
5455
1,90
1,90
1,90
1,90
1,90
1,90
1,90
1,89
1,89
1,89
1,89
1,89
1,89
1,88
1,88
1,88
1,88
1,88
1,88
1,88
1,87
1,87
1,87
1,87
1,87
1,87
3925
3925
3925
3925
3925
3925
3925
1,86
1,86
1,86
1,86
1,86
1,86
1,85
1,85
1,85
1,85
1,85
1,85
1,84
1,84
1,84
1,84
1,84
1,84
1,84
1,83
1,83
1,83
1,83
1,83
1,83
1,82
1,82
1,82
1,82
1,82
1,82
1,82
1,81
1,81
1,81
1,81
1,81
1,81
1,81
1,80
1,80
1,80
1,80
1,80
1,79
1,79
1,79
1,79
1,79
1,79
1,78
1,78
1,78
1,78
1,78
1,78
1,78
1,77
1,77
1,77
1,77
1,77
1,77
1,76
1,76
1,76
1,76
1,76
1,76
1,75
1,75
1,75
1,75
1,75
1,75
1,74
1,74
1,74
1,74
1,74
1,74
1,74
1,73
1,73
1,73
1,73
1,73
1,73
1,73
1,72
1,72
1,72
1,72
1,72
1,72
1,71
1,71
1,71
1,71
1,71
1,71
1,70
1,70
1,70
1,70
1,70
1,70
1,70
1,69
1,69
1,69
1,69
1,69
1,69
1,68
1,68
1,68
1,68
1,68
1,68
1,67
1,67
1,67
1,67
1,67
1,66
1,66
1,66
1,66
1,66
1,66
1,66
1,65
1,65
1,65
1,65
1,65
1,65
1,65
1,64
1,64
1,64
1,64
1,64
1,64
1,64
1,63
1,63
1,63
1,63
1,63
1,63
1,63
1,62
1,62
1,62
1,62
1,62
1,62
1,61
1,61
1,61
1,61
1,61
1,61
1,61
1,60
1,60
1,60
1,60
1,60
1,60
1,59
1,59
1,59
1,59
1,59
1,59
1,58
1,58
1,58
1,58
1,58
1,58
1,58
1,57
1,57
1,57
1,57
1,57
1,57
1,57
1,56
1,56
1,56
1,56
1,56
1,56
1,56
1,55
1,55
1,55
1,55
1,55
1,55
1,55
1,54
1,54
1,54
1,54
1,54
1,54
1,53
1,53
1,53
1,53
1,53
1,53
1,53
1,52
1,52
1,52
1,52
1,52
1,52
1,52
1,51
1,51
1,51
1,51
1,51
1,51
1,50
1,50
1,50
1,50
1,50
1,50
1,49
1,49
1,49
1,49
1,49
1,49
1,49
1,48
1,48
1,48
1,48
1,48
1,48
1,48
1,47
1,47
1,47
1,47
1,47
1,47
1,47
1,46
1,46
1,46
1,46
1,46
1,46
1,46
14047
14047
14047
14047
14047
14055
14055
14055
14055
14055
14055
14096
14096
14096
14096
14096
14096
14096
14059
14059
14059
14059
14059
14059
14059
14057
14057
14057
14057
14057
14057
14057
14097
14097
14097
14097
14097
14097
14097
14099
14099
14099
14099
14099
14099
14099
14102
14102
14102
14102
14102
14102
14102
14095
14095
14095
14095
14095
14095
14095
14058
14058
14058
14058
14058
14058
14058
2,12
2,12
2,12
2,12
2,12
2,12
2,12
14046
14046
14046
14046
14046
14046
14046
14049
14049
14049
14049
14049
14049
14049
14050
14050
14050
14050
14050
14050
2,74
2,74
2,74
2,74
2,74
2,74
2,75
2,75
2,75
2,75
2,75
2,75
2,75
2,79
2,79
2,79
2,79
2,79
2,79
2,79
2,80
2,80
2,80
2,80
2,80
2,80
2,81
2,81
2,81
2,81
2,81
2,81
2,81
2,91
2,91
2,91
2,91
2,91
2,91
2,90
2,90
2,90
2,90
2,90
2,90
2,90
2,89
2,89
2,89
2,89
2,89
2,88
2,88
2,88
2,88
2,88
2,88
2,88
14048
14048
14048
14048
14048
14048
14048
14045
14045
14045
14045
14045
14045
14045
2,87
2,92
2,92
2,92
2,92
2,92
2,92
2,92
2,95
2,95
2,95
2,95
2,95
2,95
2,95
2,96
2,96
2,96
2,96
2,96
2,96
2,97
2,97
2,97
2,97
2,97
2,97
2,97
2,99
2,99
2,99
2,99
2,99
2,99
2,98
2,98
2,98
2,98
2,98
2,98
2,98
2,94
2,94
2,94
2,94
2,94
2,94
2,93
2,93
2,93
2,93
2,93
2,93
2,93
14043
14043
14043
14043
14043
14043
14043
14042
14042
14042
14042
14042
14042
14042
14098
14098
14098
14098
14098
14098
14098
3,15
3,15
3,15
3,15
3,15
3,15
3,15
3,13
3,13
3,13
3,13
3,14
3,14
3,14
3,14
3,14
3,14
3,14
3,12
3,12
3,12
3,12
3,12
3,12
3,12
3,11
3,11
3,11
3,11
3,11
3,11
3,11
3,10
3,10
3,10
3,10
3,10
3,10
3,10
3,07
3,07
3,07
3,07
3,07
3,07
3,06
3,06
3,06
3,06
3,06
3,06
3,06
14041
14041
14041
14041
14041
14041
14041
14039
14039
14039
14039
14039
14039
14039
14044
14044
14044
14044
14044
14044
14044
14040
14040
14040
14040
14040
14040
14040
3,17
3,17
3,17
3,17
3,17
3,17
3,16
3,16
3,16
3,16
3,16
3,16
3,16
14036
14036
14036
14036
14036
14036
14036
14034
14034
14034
14034
14034
14034
14034
3,25
3,25
3,25
3,25
3,25
3,25
3,24
3,24
3,24
3,24
3,24
3,24
3,24
3,27
3,27
3,27
3,27
3,27
3,27
3,26
3,26
3,26
3,26
3,26
3,26
3,26
14101
14101
14101
14101
14101
14101
14101
3,23
3,23
3,23
3,23
3,23
3,23
3,23
14105
14105
14105
14105
14105
14105
14105
3,22
3,22
3,22
3,22
3,22
3,22
3,21
3,21
3,21
3,21
3,21
3,21
3,21
14103
14103
14103
14103
14103
14103
14103
3,20
3,20
3,20
3,20
3,20
3,20
3,20
3,18
3,18
3,18
3,18
3,18
3,18
3,18
3,19
3,19
3,19
3,19
3,19
3,19
3,19
14035
14035
14035
14035
14035
14035
14035
14037
14037
14037
14037
14037
14037
14037
14038
14038
14038
14038
14038
14038
14038
14032
14032
14032
14032
14032
14033
14033
14033
14033
14033
14033
14033
14029
14029
14029
14029
14029
14031
14031
14031
14031
14031
14031
14031
14030
14030
14030
14030
14030
14030
14030
14028
14028
14028
14028
14028
14028
14028
14026
14026
14026
14026
14026
14026
14026
14025
14025
14025
14025
14025
14025
14025
14027
14027
14027
14027
14027
14027
14027
14023
14023
14023
14023
14023
14023
14023
14024
14024
14024
14024
14024
14024
14024
14022
14022
14022
14022
14022
14022
14022
14020
14020
14020
14020
14020
14020
14020
3,29
3,29
3,29
3,29
3,29
3,29
3,28
3,28
3,28
3,28
3,28
3,28
3,28
3,32
3,32
3,32
3,32
3,32
3,32
3,32
3,33
3,33
3,33
3,33
3,33
3,33
3,33
3,34
3,34
3,34
3,34
3,34
3,34
3,30
3,30
3,30
3,30
3,30
3,30
3,30
3,31
3,31
3,31
3,31
3,31
3,31
3,31
3,40
3,40
3,40
3,40
3,40
3,40
3,40
3,41
3,41
3,41
3,41
3,41
3,41
3,41
3,39
3,39
3,39
3,39
3,39
3,39
3,39
3,38
3,38
3,38
3,38
3,38
3,38
3,37
3,37
3,37
3,37
3,37
3,37
3,36
3,36
3,36
3,36
3,36
3,36
3,35
3,35
3,35
3,35
3,35
3,35
14116
14116
14116
14116
14116
14116
14116
14106
14106
14106
14106
14106
14106
14106
14109
14109
14109
14109
14109
14109
14109
14118
14118
14118
14118
14118
14118
14118
14122
14122
14122
14122
14122
14122
14122
14107
14107
14107
14107
14107
14107
14107
14108
14108
14108
14108
14108
14108
14108
14115
14115
14115
14115
14115
14115
14115
14114
14114
14114
14114
14114
14114
14114
14120
14120
14120
14120
14120
14120
14120
14110
14110
14110
14110
14110
14110
14110
14126
14126
14126
14126
14126
14126
14126
14111
14111
14111
14111
14111
14111
14111
14112
14112
14112
14112
14112
14112
14112
14113
14113
14113
14113
14113
14113
14113
14117
14117
14117
14117
14117
14117
14117
14121
14121
14121
14121
14121
14121
14121
14124
14124
14124
14124
14124
14124
14124
14123
14123
14123
14123
14123
14123
14123
14104
14104
14104
14104
14104
14104
14104
3,47
3,47
3,47
3,47
3,47
3,47
3,47
3,48
3,48
3,48
3,48
3,48
3,48
3,48
3,49
3,49
3,49
3,49
3,49
3,49
3,49
3,50
3,50
3,50
3,50
3,50
3,50
3,46
3,46
3,46
3,46
3,46
3,46
3,46
3,57
3,57
3,57
3,57
3,57
3,57
3,57
3,56
3,56
3,56
3,56
3,56
3,56
3,56
3,58
3,58
3,58
3,58
3,58
3,58
3,58
3,62
3,62
3,62
3,62
3,62
3,62
3,62
3,61
3,61
3,61
3,61
3,61
3,61
3,61
3,60
3,60
3,60
3,60
3,60
3,60
3,60
3,59
3,59
3,59
3,59
3,59
3,59
3,59
3,55
3,55
3,55
3,55
3,55
3,55
3,54
3,54
3,54
3,54
3,54
3,54
3,54
3,53
3,53
3,53
3,53
3,53
3,53
3,53
3,52
3,52
3,52
3,52
3,52
3,52
3,52
3,51
3,51
3,51
3,51
3,51
3,51
3,51
3,45
3,45
3,45
3,45
3,45
3,45
3,43
3,43
3,43
3,43
3,43
3,43
3,44
3,44
3,44
3,44
3,44
3,44
3,44
3,42
3,42
3,42
3,42
3,42
3,42
3,42
3,69
3,69
3,69
3,69
3,69
3,69
3,69
3,68
3,68
3,68
3,68
3,68
3,68
3,68
3,66
3,66
3,66
3,66
3,66
3,66
3,65
3,65
3,65
3,65
3,65
3,65
3,65
3,64
3,64
3,64
3,64
3,64
3,64
3,64
3,63
3,63
3,63
3,63
3,63
3,63
14119
14119
14119
14119
14119
14119
14119
14021
14021
14021
14021
14021
14021
14021
14016
14016
14016
14016
14016
14016
14016
14019
14019
14019
14019
14019
14019
14019
14014
14014
14014
14014
14014
14014
14014
14017
14017
14017
14017
14017
14017
14017
14015
14015
14015
14015
14015
14015
14015
14018
14018
14018
14018
14018
14018
14018
14012
14012
14012
14012
14012
14012
14012
14010
14010
14010
14010
14010
14010
14010
14013
14013
14013
14013
14013
14013
14013
14009
14009
14009
14009
14009
14009
14009
14011
14011
14011
14011
14011
14011
14011
14129
14129
14129
14129
14129
14129
14129
14128
14128
14128
14128
14128
14128
14128
14125
14125
14125
14125
14125
14125
14125
14131
14131
14131
14131
14131
14131
14131
14135
14135
14135
14135
14135
14135
14135
14139
14139
14139
14139
14139
14139
14139
14147
14147
14147
14147
14147
14147
14147
14138
14138
14138
14138
14138
14138
14138
14008
14008
14008
14008
14008
14003
14003
14003
14003
14003
14003
14003
14005
14005
14005
14005
14005
14005
14005
14007
14007
14007
14007
14007
14007
14007
2,86
2,86
2,86
2,86
2,86
2,86
2,86
14006
14006
14006
14006
14006
14006
14006
14001
14001
14001
14001
14001
14001
14001
14002
14002
14002
14002
14002
14002
14002
14004
14004
14004
14004
14004
14004
14004
13999
13999
13999
13999
13999
13999
13999
13996
13996
13996
13996
13996
13998
13998
13998
13998
13998
13998
13998
13995
13995
13995
13995
13995
13995
13995
13988
13988
13988
13988
13988
13988
13988
13997
13997
13997
13997
13997
13997
13997
13989
13989
13989
13989
13989
13989
13989
2,85
2,85
2,85
2,85
2,85
2,85
2,85
13991
13991
13991
13991
13991
13991
13991
13990
13990
13990
13990
13990
13990
13990
13994
13994
13994
13994
13994
13994
13994
13993
13993
13993
13993
13993
13993
13993
13992
13992
13992
13992
13992
13992
13992
13986
13986
13986
13986
13986
13986
13986
13984
13984
13984
13984
13984
13984
13984
13976
13976
13976
13976
13976
13976
13976
13979
13979
13979
13979
13979
13979
13979
13985
13985
13985
13985
13985
13985
13985
13987
13987
13987
13987
13987
13987
13987
13982
13982
13982
13982
13982
13982
13982
13983
13983
13983
13983
13983
13983
13983
13965
13965
13965
13965
13965
13965
13965
13975
13975
13975
13975
13975
13981
13981
13981
13981
13981
13981
13981
13974
13974
13974
13974
13974
13974
13974
13980
13980
13980
13980
13980
13980
13980
13972
13972
13972
13972
13972
13972
13972
13977
13977
13977
13977
13977
13977
13977
13970
13970
13970
13970
13970
13971
13971
13971
13971
13971
13971
13971
13978
13978
13978
13978
13978
13978
13978
13967
13967
13967
13967
13967
13967
13967
13966
13966
13966
13966
13966
13966
13966
13968
13968
13968
13968
13968
13963
13963
13963
13963
13963
13963
13963
13973
13973
13973
13973
13973
13973
13973
13969
13969
13969
13969
13969
13969
13969
13964
13964
13964
13964
13964
13964
13964
13962
13962
13962
13962
13962
13962
13962
13958
13958
13958
13958
13958
13958
13958
2,84
2,84
2,84
2,84
2,84
2,84
2,83
2,83
2,83
2,83
2,83
2,83
2,83
2,82
2,82
2,82
2,82
2,82
2,82
2,82
2,78
2,78
2,78
2,78
2,78
2,78
2,78
13961
13961
13961
13961
13961
13961
13961
13960
13960
13960
13960
13960
13960
13960
13957
13957
13957
13957
13957
13957
13957
13956
13956
13956
13956
13956
13956
13956
13952
13952
13952
13952
13952
13952
13952
13955
13955
13955
13955
13955
13955
13955
13953
13953
13953
13953
13953
13953
13953
13959
13959
13959
13959
13959
13959
13959
13946
13946
13946
13946
13946
13946
13946
13951
13951
13951
13951
13951
13951
13951
13954
13954
13954
13954
13954
13954
13954
13950
13950
13950
13950
13950
13950
13950
13949
13949
13949
13949
13949
13949
13949
13948
13948
13948
13948
13948
13948
13948
13941
13941
13941
13941
13941
13941
13941
13944
13944
13944
13944
13944
13944
13944
13945
13945
13945
13945
13945
13945
13945
13938
13938
13938
13938
13938
13938
13938
13943
13943
13943
13943
13943
13943
13943
13942
13942
13942
13942
13942
13942
13942
13947
13947
13947
13947
13947
13947
13947
2,77
2,77
2,77
2,77
2,77
2,77
13937
13937
13937
13937
13937
13937
13937
13933
13933
13933
13933
13933
13933
13933
13940
13940
13940
13940
13940
13940
13940
13936
13936
13936
13936
13936
13936
13936
13914
13914
13914
13914
13914
13914
13914
3,73
3,73
3,73
3,73
3,73
3,73
3,73
3,72
3,72
3,72
3,72
3,72
3,72
3,72
3,71
3,71
3,71
3,71
3,71
3,71
3,75
3,75
3,75
3,75
3,75
3,75
3,75
3,74
3,74
3,74
3,74
3,74
3,74
3,74
3,79
3,79
3,79
3,79
3,79
3,79
3,79
3,80
3,80
3,80
3,80
3,80
3,80
3,80
3,78
3,78
3,78
3,78
3,78
3,78
3,78
3,77
3,77
3,77
3,77
3,77
3,77
3,77
3,76
3,76
3,76
3,76
3,76
3,76
3,76
3,70
3,70
3,70
3,70
3,70
3,70
3,70
3,67
3,67
3,67
3,67
3,67
3,67
3,67
13793
13793
13793
13793
13793
13793
13793
13404
13404
13404
13404
13404
13404
13404
13782
13782
13782
13782
13782
13782
13782
13749
13749
13749
13749
13749
13749
13749
14132
14132
14132
14132
14132
14132
14132
13932
13932
13932
13932
13932
13932
13932
13934
13934
13934
13934
13934
13934
13934
13939
13939
13939
13939
13939
13939
13939
13784
13784
13784
13784
13784
13784
13784
13777
13777
13777
13777
13777
13777
13777
13807
13807
13807
13807
13807
13807
13807
13805
13805
13805
13805
13805
13805
13805
13871
13871
13871
13871
13871
13871
13871
13935
13935
13935
13935
13935
13935
13935
13897
13897
13897
13897
13897
13897
13897
13528
13528
13528
13528
13528
13528
13528
12811
12811
12811
12811
12811
12811
12811
13696
13696
13696
13696
13696
13696
13696
13774
13774
13774
13774
13774
13774
13774
13781
13781
13781
13781
13781
13781
13781
13789
13789
13789
13789
13789
13789
13789
13780
13780
13780
13780
13780
13780
13780
13788
13788
13788
13788
13788
13788
13788
13870
13870
13870
13870
13870
13870
13870
13879
13879
13879
13879
13879
13879
13879
13924
13924
13924
13924
13924
13924
13924
13929
13929
13929
13929
13929
13929
13929
13794
13794
13794
13794
13794
13794
13794
13716
13716
13716
13716
13716
13716
13716
13371
13371
13371
13371
13371
13371
13371
13755
13755
13755
13755
13755
13755
13755
13834
13834
13834
13834
13834
13834
13834
13840
13840
13840
13840
13840
13840
13840
13838
13838
13838
13838
13838
13838
13838
13906
13906
13906
13906
13906
13906
13906
13907
13907
13907
13907
13907
13907
13907
13920
13920
13920
13920
13920
13920
13920
13921
13921
13921
13921
13921
13921
13921
13925
13925
13925
13925
13925
13925
13925
13928
13928
13928
13928
13928
13909
13909
13909
13909
13909
13909
13909
13917
13917
13917
13917
13917
13917
13917
13922
13922
13922
13922
13922
13922
13922
13918
13918
13918
13918
13918
13918
13918
13882
13882
13882
13882
13882
13882
13882
13884
13884
13887
13887
13884
13884
13884
13836
13836
13836
13836
13836
13836
13836
13860
13860
13860
13860
13860
13860
13860
13926
13926
13926
13926
13926
13926
13926
13850
13850
13850
13850
13850
13850
13850
13712
13712
13712
13712
13712
13712
13712
13574
13574
13574
13574
13574
13574
13574
13337
13337
13337
13337
13337
13337
13337
12622
12622
12622
12622
12622
12622
12622
12157
12157
12157
12157
12157
12157
12157
11333
11333
11333
11333
11333
11333
11333
10519
10519
10519
10519
10519
10519
10519
7364
7364
7364
7364
7364
7364
7364
4439
4439
4439
4439
4439
4439
4439
1547
1547
1547
1547
1547
1547
1547
1049
1049
1049
1049
1049
1049
1049
5829
5829
5829
5829
5829
5829
5829
5828
5828
5828
5828
5828
5828
5828
7375
7375
7375
7375
7375
7375
7375
6489
6489
6489
6489
6489
6489
6489
3217
3217
3217
3217
3217
3217
3217
2688
2688
2688
2688
2688
2688
2688
2685
2685
2685
2685
2685
2685
2685
3344
3344
3344
3344
3344
3344
3344
13881
13881
13881
13881
13881
13881
13881
13412
13412
13412
13412
13412
13412
13412
13086
13086
13086
13086
13086
13086
13086
12668
12668
12668
12668
12668
12668
12668
12022
12022
12022
12022
12022
12022
12022
9879
9879
9879
9879
9879
9879
9879
8109
8109
8109
8109
8109
8109
8109
5604
5604
5604
5604
5604
5604
5604
1986
1986
1986
1986
1986
1986
1986
13767
13767
13767
13767
13767
13767
13767
13631
13631
13631
13631
13631
13631
13631
13435
13435
13435
13435
13435
13435
13435
13154
13154
13154
13154
13154
13154
13154
12210
12210
12210
12210
12210
12210
12210
11441
11441
11441
11441
11441
11441
11441
10421
10421
10421
10421
10421
10421
10421
8794
8794
8794
8794
8794
8794
8794
3736
3736
3736
3736
3736
3736
3736
1814
1814
1814
1814
1814
1814
1814
6686
6686
6686
6686
6686
6686
6686
6685
6685
6685
6685
6685
6685
6685
6294
6294
6294
6294
6294
6294
6294
5126
5126
5126
5126
5126
5126
5126
4358
4358
4358
4358
4358
4358
4358
3722
3722
3722
3722
3722
3722
3722
2916
2916
2916
2916
2916
2916
2916
1165
1165
1165
1165
1165
1165
1165
0,07
0,07
0,06
0,06
0,12
0,12
0,11
0,11
0,14
0,14
0,13
0,13
0,15
0,15
0,20
0,20
0,21
0,21
0,23
0,23
0,22
0,22
0,25
0,25
0,26
0,27
0,27
0,30
0,30
0,31
0,31
0,29
0,29
0,28
0,28
0,24
0,24
0,19
0,19
0,18
0,18
0,17
0,17
0,16
0,16
0,10
0,10
